[{
  "import_undiagn_rate": 48.46646,
  "prob_trans_chr": 0.02711,
  "upsilon_a1": 1.14742,
  "upsilon_a23": 1.14742,
  "upsilon_a45": 1.14742,
  "upsilon_6mon": 0.91594,
  "upsilon_12mon": 0.73047,
  "upsilon_c": 0.56063,
  "xi": 0.06973,
  "theta_a1": 6.90249,
  "theta_a23": 6.90249,
  "theta_a45": 6.90249,
  "theta_c": 6.90249,
  "theta_ea": 6.90249,
  "theta_la": 6.90249,
  "eta_a1": 5.31365,
  "eta_a23": 5.31365,
  "eta_a45": 5.31365,
  "eta_c": 5.31365,
  "eta_ea": 5.31365,
  "eta_la": 5.31365,
    "prop_immigr_suppr": 0.95,
	"N": 25000,
	"T": 9.5, 
    "T_burn": 2,
    "T_cas_collect": 0.5,
    "n_traj": 1,
    "n_traj_collect": 100,
	"AgeBr": 10,
    "sigma": 0.57,
    "rho": 0.61,
    "sigma_cas" : 7.62,
    "rho_cas" : 182.3446,
    "max_num_casual_Main": 199,
    "st_pen": 0.4,
    "cont_rate_st": 120,
    "cont_rate_cas": 40,
    "cont_rate_mult_lhiv" : 0,
    "a1" : 26.03,
    "a2" : 26.03,
    "a3" : 26.03,
    "a4" : 6.03,
    "gamma_a1" : 73.0,
    "gamma_a23" : 42.0,
    "gamma_a45" : 4.863,
    "gamma_c" : 0.12,
    "gamma_ea" : 0.85,
    "mu_ea" : 0.2,
    "mu_la" : 0.4,
    "prep_up": 0.035,
    "prep_drop": 0.5,
    "prep_red": 0.14,
    "diagn_cont_mult":0.5,
    "treat_red": 0.14,
    "n_points": 220,
    "up_quantile": 0.9,
    "bot_quantile": 0.1,
    "prep_thresh": 10,
    "upsilon_ea": 12,
    "upsilon_la": 12,
    "fl": 0
}]